0 0 0
1 1 99
2 1 193
3 1 284
4 1 192

0 0 99
1 1 0
2 2 94
3 2 185
4 4 93

0 1 193
1 1 94
2 2 0
3 3 91
4 3 183

0 2 284
1 2 185
2 2 91
3 3 0
4 4 92

0 1 192
1 1 93
2 3 183
3 3 92
4 4 0

from 0 to 3 cost 284 hops 0 1 2 message hi

0 0 0

1 1 0
2 2 94
3 2 185
4 4 93

1 1 94
2 2 0
3 3 91
4 3 183

1 2 185
2 2 91
3 3 0
4 4 92

1 1 93
2 3 183
3 3 92
4 4 0

from 0 to 3 cost infinite hops ureachable message hi

0 0 0
1 1 1
2 1 95
3 1 186
4 1 94

0 0 1
1 1 0
2 2 94
3 2 185
4 4 93

0 1 95
1 1 94
2 2 0
3 3 91
4 3 183

0 2 186
1 2 185
2 2 91
3 3 0
4 4 92

0 1 94
1 1 93
2 3 183
3 3 92
4 4 0

from 0 to 3 cost 186 hops 0 1 2 message hi

0 0 0
1 1 1
2 1 277
3 1 186
4 1 94

0 0 1
1 1 0
2 4 276
3 4 185
4 4 93

2 2 0
3 3 91
4 3 183

2 2 91
3 3 0
4 4 92

0 1 94
1 1 93
2 3 183
3 3 92
4 4 0

from 0 to 3 cost 186 hops 0 1 4 message hi

0 0 0
1 1 1

0 0 1
1 1 0

2 2 0
3 3 91
4 3 183

2 2 91
3 3 0
4 4 92

2 3 183
3 3 92
4 4 0

from 0 to 3 cost infinite hops ureachable message hi

0 0 0
1 1 1
2 1 187
3 1 96
4 1 4

0 0 1
1 1 0
2 4 186
3 4 95
4 4 3

0 3 187
1 3 186
2 2 0
3 3 91
4 3 183

0 4 96
1 4 95
2 2 91
3 3 0
4 4 92

0 1 4
1 1 3
2 3 183
3 3 92
4 4 0

from 0 to 3 cost 96 hops 0 1 4 message hi

0 0 0
1 1 1
2 1 5
3 1 96
4 1 4

0 0 1
1 1 0
2 2 4
3 2 95
4 4 3

0 1 5
1 1 4
2 2 0
3 3 91
4 1 7

0 2 96
1 2 95
2 2 91
3 3 0
4 4 92

0 1 4
1 1 3
2 1 7
3 3 92
4 4 0

from 0 to 3 cost 96 hops 0 1 2 message hi

